32205
43147
49309
24782
7559
29043
52450
45027
45309
40739
10772
56398
38491
51330
12724
48565
46323
45678
23535
1475
35256
42485
54133
64160
32148
35915
14547
54640
51937
7908
57561
46424
42729
19903
41952
2890
13790
50599
65113
5922
52497
44738
23652
40873
41968
32789
61877
51831
54155
18217
44263
53197
63674
64410
60897
26111
59274
54156
30210
61055
47275
21489
39345
54701
64825
62409
39923
53116
37521
36350
14789
12483
37473
50447
38306
62925
46943
27347
64114
24998
5245
51745
57747
62079
19751
48318
49903
19329
55948
183
58416
7718
20242
45332
23804
2290
47786
25848
33968
19267
19571
40114
62746
15272
59110
6365
39844
56266
1984
57144
40578
46527
38705
23642
22359
24948
63645
370
13496
48967
35387
9593
22579
23599
3085
47292
53834
32743
34201
3597
46938
38078
50385
8435
16389
15218
46960
25320
52404
5993
48893
48969
62020
12412
41221
6354
45494
48739
64960
29878
